1000
44 27 57
92 38 94
27 39 58
93 28 75
58 90 100
62 17 79
1 7 59
38 55 3
35 99 22
91 65 22
6 90 7
59 46 2
44 52 32
19 71 93
18 95 60
16 12 2
89 41 20
37 65 24
55 48 15
34 99 40
55 82 21
86 67 92
10 34 81
45 94 28
22 54 16
87 21 91
77 18 99
53 5 47
55 71 19
4 57 29
54 8 62
17 42 4
0 55 55
7 13 7
66 20 11
59 60 85
60 100 78
11 5 82
54 31 99
53 70 66
49 34 10
39 81 80
75 12 4
73 6 68
73 5 80
93 94 28
57 87 8
65 89 98
97 87 65
78 84 95
80 60 28
94 24 53
63 53 74
92 10 71
23 7 39
72 84 72
73 7 6
10 33 21
26 92 27
96 80 66
53 52 65
70 35 40
75 93 5
4 11 83
68 23 92
77 76 20
65 18 82
66 98 21
5 5 86
45 58 33
9 72 95
54 28 31
23 7 57
56 48 75
6 33 77
70 15 34
36 67 58
38 4 40
21 26 87
37 17 62
44 95 98
90 14 81
38 3 52
34 29 29
76 10 62
42 93 80
43 82 18
76 85 40
65 77 76
3 22 39
0 15 62
73 43 35
82 98 10
7 84 93
52 79 8
3 75 98
53 66 72
5 4 81
68 76 65
100 98 41
47 52 75
95 62 96
26 2 42
100 26 16
48 62 3
1 81 66
43 82 22
23 76 96
99 95 91
74 35 91
94 30 1
70 35 42
78 56 13
63 73 6
29 2 60
93 81 97
44 52 32
77 88 1
79 67 41
58 12 24
72 9 77
92 33 47
100 9 27
8 2 87
15 12 1
23 21 97
24 1 68
48 38 28
72 69 8
20 39 43
11 10 80
26 26 94
31 11 98
37 92 57
31 20 6
0 10 42
12 98 95
25 69 7
6 56 93
7 79 5
41 9 44
1 42 57
21 60 67
64 85 30
54 13 86
80 22 42
46 71 15
82 86 16
40 5 31
97 14 17
15 73 20
72 17 12
100 97 2
22 34 52
84 58 56
100 37 76
17 37 79
82 89 7
86 33 83
26 4 85
87 57 12
72 68 30
80 70 89
49 22 17
52 36 12
6 23 99
48 19 14
90 72 20
88 40 84
59 75 48
43 41 16
34 44 91
75 36 52
17 2 33
56 57 34
90 16 86
57 28 81
84 53 47
61 87 41
51 7 31
89 21 73
72 45 65
91 77 63
4 1 83
69 39 59
91 47 20
43 99 74
45 83 96
65 19 26
84 69 3
78 53 78
0 54 4
12 9 17
59 89 41
10 55 4
53 28 74
86 7 52
7 55 85
4 42 74
75 40 70
79 13 6
70 72 24
0 53 42
48 39 20
73 41 26
23 89 93
13 62 100
56 82 23
19 32 19
53 89 74
55 68 37
80 65 25
42 67 86
49 18 95
70 16 5
58 27 76
59 83 100
11 99 88
7 38 80
34 78 21
2 96 76
38 13 25
54 53 91
82 56 91
59 82 94
57 71 100
52 10 20
94 7 87
2 47 93
75 63 74
87 20 40
82 45 77
47 39 84
18 82 44
89 80 48
91 59 33
60 86 100
66 25 14
99 97 98
54 86 32
12 65 66
53 22 1
24 100 35
6 27 73
9 76 39
11 99 92
66 68 37
44 19 7
96 97 9
19 95 1
23 17 75
52 96 17
22 88 73
66 89 30
100 91 95
53 76 77
89 48 41
89 48 39
2 1 3
38 18 100
33 56 65
48 21 33
32 74 85
73 35 23
67 95 83
19 59 93
84 90 42
49 48 55
28 75 45
25 63 58
46 59 25
72 73 82
13 35 36
26 20 90
5 95 26
12 39 71
95 88 7
0 71 40
31 80 31
13 55 55
71 83 38
63 90 6
81 4 75
67 19 16
39 39 55
81 38 43
61 85 22
51 61 55
34 54 33
18 57 73
37 54 52
57 76 73
83 77 15
98 42 24
73 60 73
61 95 87
41 35 64
65 88 97
7 25 48
60 24 94
46 100 80
22 28 37
79 91 11
54 83 44
29 35 24
25 17 18
75 52 73
1 95 53
56 91 37
61 56 2
36 17 39
9 100 8
100 84 31
82 94 57
28 88 81
18 61 15
51 16 84
52 58 41
69 96 3
13 64 55
3 66 73
68 88 5
13 9 38
87 15 84
19 32 69
27 81 7
0 39 48
28 89 30
43 97 35
79 48 79
82 77 39
67 14 93
41 85 26
3 89 85
81 14 29
76 78 55
37 59 59
4 64 60
82 55 91
79 12 10
77 21 90
9 3 8
44 5 97
51 66 33
86 15 32
0 57 27
83 27 46
96 100 18
85 33 65
19 41 36
67 23 25
65 42 19
83 12 56
69 96 28
34 72 75
92 4 28
79 87 63
54 28 35
75 83 75
100 18 7
75 91 13
97 83 99
20 24 95
0 2 42
6 45 79
23 58 58
34 92 25
30 64 56
5 47 9
67 53 15
83 89 31
26 57 61
70 29 55
39 72 57
32 60 75
92 3 36
97 10 17
50 22 39
58 85 42
4 64 27
40 31 94
62 46 8
100 39 9
41 85 37
51 36 99
89 8 11
34 38 11
31 3 8
10 9 17
65 81 74
66 15 25
20 14 88
33 69 55
34 9 32
33 18 17
22 41 17
74 29 63
82 28 71
78 92 39
79 29 41
60 38 13
84 71 12
86 75 33
35 57 4
14 89 2
83 56 97
3 53 40
43 48 99
55 84 13
61 34 14
88 27 3
23 100 5
52 39 2
16 20 13
36 87 6
16 35 59
96 46 59
55 55 17
100 87 47
12 55 55
80 25 64
72 83 63
76 7 28
87 47 83
86 92 88
93 73 87
85 85 71
73 93 3
15 81 30
98 96 13
32 10 75
70 67 75
87 12 14
87 81 48
68 13 87
17 81 100
17 79 13
37 33 85
32 98 7
68 55 29
54 93 10
53 6 61
21 89 97
21 28 21
48 86 21
94 62 11
98 38 32
34 92 69
23 79 47
89 80 24
45 39 23
62 57 13
20 28 98
57 75 18
21 63 84
44 4 23
75 56 53
39 5 87
61 30 32
14 84 31
38 96 19
69 44 38
17 69 21
82 47 30
13 94 70
68 85 59
37 13 100
5 100 52
30 5 55
4 92 13
40 29 19
63 38 11
47 12 95
29 71 99
96 46 9
51 46 69
39 62 100
34 26 6
18 75 8
68 47 78
66 19 66
59 43 87
52 71 98
89 84 47
25 25 97
20 11 46
72 53 57
41 87 80
32 81 7
100 6 94
17 63 22
61 38 36
67 88 33
1 94 5
98 57 37
18 22 25
84 30 23
50 27 13
75 2 67
1 54 73
96 2 72
2 21 41
64 82 82
7 83 47
36 4 21
4 86 31
19 77 72
60 4 61
80 2 41
89 74 71
32 27 27
27 61 19
2 57 53
50 22 62
42 62 90
48 100 7
85 68 41
61 63 52
67 5 11
23 36 86
50 20 90
94 29 22
84 74 99
16 20 69
78 22 46
62 24 38
100 28 10
96 23 25
67 7 97
1 97 39
76 70 22
86 54 55
12 85 59
25 43 2
67 43 20
60 57 42
9 70 2
95 85 18
83 39 80
95 21 59
46 100 56
84 18 41
84 93 54
19 53 6
93 26 48
96 10 58
4 99 54
36 98 30
12 3 26
91 10 23
47 8 15
93 92 92
91 83 54
95 53 33
98 6 75
6 74 68
64 15 25
67 3 26
52 72 19
27 86 68
70 100 38
92 100 81
65 77 35
4 47 5
12 7 78
37 56 98
1 87 71
57 26 71
78 12 26
39 43 22
67 58 20
46 65 73
38 6 39
13 69 20
57 92 78
100 27 67
77 75 10
67 54 42
20 46 23
32 71 93
45 62 57
16 11 38
36 69 53
8 88 1
44 71 96
4 17 11
21 99 3
39 62 19
36 12 28
75 68 11
99 91 5
94 20 21
33 17 14
51 76 26
40 76 92
47 2 34
31 83 25
62 59 95
31 37 19
39 94 64
59 8 29
100 64 45
11 32 65
49 32 95
60 68 69
14 12 58
35 55 63
100 1 1
37 43 86
16 58 27
4 90 64
34 5 87
40 87 59
8 61 41
29 36 86
73 66 59
11 92 53
27 6 1
65 69 32
31 11 66
58 20 22
91 63 31
35 45 55
10 32 14
35 97 48
83 53 23
27 23 72
98 55 70
16 96 54
80 74 70
67 43 16
14 65 87
99 35 58
91 41 56
33 29 79
100 17 30
89 11 13
97 40 45
83 77 98
31 32 20
56 44 57
49 37 81
56 22 38
7 29 92
49 47 74
37 26 33
23 70 19
57 59 38
80 46 30
62 48 83
99 3 95
37 77 96
79 4 33
96 28 17
16 15 64
39 68 98
37 3 58
3 38 18
18 56 55
53 100 79
99 26 64
75 28 25
32 68 96
30 15 68
22 21 46
17 24 45
10 33 56
16 54 82
47 27 41
78 28 15
58 36 22
14 19 22
58 99 46
95 23 15
74 13 7
21 53 4
24 24 77
45 70 62
75 71 84
63 18 95
47 27 8
97 82 93
4 99 34
97 48 53
60 2 68
97 76 47
53 85 73
22 89 58
7 72 10
53 90 67
5 34 58
82 24 95
66 17 16
29 37 5
76 5 76
16 43 68
96 31 25
78 28 94
31 43 35
73 94 45
20 71 63
97 44 64
50 22 86
15 72 4
10 37 85
33 70 76
17 31 57
28 96 15
100 66 7
64 16 62
97 16 13
4 45 66
78 31 43
56 30 6
55 94 27
22 95 30
5 19 45
28 12 87
60 87 90
77 83 58
39 12 84
91 86 25
74 77 38
51 16 83
33 60 68
93 40 71
33 12 86
5 74 9
82 93 96
12 59 63
8 7 32
25 18 17
81 64 70
90 47 68
12 88 91
6 37 12
5 77 17
30 86 56
93 73 82
26 54 1
46 13 67
79 48 76
85 86 56
76 82 99
71 75 75
34 85 73
97 61 94
52 90 42
52 29 5
82 32 14
37 33 18
4 80 61
32 96 39
38 20 36
30 29 57
20 41 6
0 92 67
85 12 5
86 22 44
44 7 12
99 62 71
27 69 53
16 93 89
46 13 17
30 94 18
1 23 28
98 85 38
71 87 7
15 19 12
99 70 86
40 32 40
76 41 73
66 16 67
73 44 1
57 85 91
83 15 78
37 24 17
44 26 6
85 71 33
98 87 25
4 62 87
60 83 20
32 14 83
16 46 80
13 68 39
54 18 72
15 90 92
85 73 67
2 76 15
28 81 52
79 88 11
5 66 37
33 39 73
56 92 59
19 8 1
26 63 84
45 39 5
91 5 25
84 58 8
84 79 77
17 46 54
66 92 12
24 81 77
82 42 37
91 48 60
63 75 34
77 89 75
37 2 41
30 44 90
34 29 37
87 28 17
87 40 57
46 38 10
22 75 38
94 30 67
58 91 89
62 86 17
74 86 76
52 71 59
33 55 85
7 29 86
28 74 83
12 72 15
66 22 24
90 69 64
25 76 48
50 95 41
7 33 36
75 33 74
31 30 58
60 98 27
0 65 91
63 5 13
46 83 61
23 3 100
24 84 57
42 35 78
58 58 81
0 99 43
72 82 11
36 93 63
52 37 89
96 33 27
73 32 97
87 66 72
17 43 82
37 87 8
54 84 33
95 11 94
55 2 71
83 41 63
10 34 82
91 2 11
90 69 60
16 66 96
23 34 79
55 99 81
5 47 66
84 98 25
7 62 58
37 21 1
2 48 25
86 98 75
29 16 45
61 6 25
65 34 26
62 46 1
81 3 94
43 86 20
5 20 37
91 22 82
100 63 3
41 20 71
10 72 100
24 8 15
25 85 66
25 93 2
67 56 15
66 96 69
61 65 100
43 19 26
3 8 88
57 52 31
55 94 1
36 32 85
52 91 16
29 72 80
77 67 94
53 61 85
59 19 85
13 47 81
90 58 66
21 61 42
99 70 27
11 97 8
38 10 22
3 83 27
75 69 6
79 6 30
97 24 78
96 67 6
88 17 98
38 100 15
0 32 79
82 35 76
13 17 1
28 37 95
10 28 72
22 15 99
36 86 34
80 80 99
56 80 4
20 60 75
10 87 38
84 32 46
73 100 14
81 30 41
75 97 39
43 58 83
13 42 34
99 10 38
54 7 5
41 97 37
23 8 13
17 52 13
94 75 65
52 27 3
25 2 9
54 99 95
92 7 98
33 35 34
35 71 80
54 69 77
1 22 6
54 72 3
11 78 3
46 74 16
14 60 30
91 61 19
58 18 38
54 70 59
62 67 78
85 9 98
19 25 7
8 78 93
38 18 74
52 69 42
29 94 95
3 19 75
9 67 98
84 90 1
8 20 80
100 84 72
54 36 40
87 22 56
42 8 52
71 76 48
35 35 60
2 94 46
6 68 91
61 9 64
91 2 12
1 28 70
31 8 81
87 70 20
14 81 78
55 94 47
19 61 77
20 56 46
42 63 85
43 24 79
14 33 90
35 43 32
95 92 84
7 56 41
91 96 80
55 98 32
2 93 86
21 1 14
10 22 75
31 15 100
33 58 9
55 71 46
30 9 85
28 62 38
60 34 72
97 69 86
99 99 99
13 62 69
32 67 10
21 17 22
80 53 38
1 69 27
96 44 13
16 97 9
55 32 37
16 53 10
39 42 75
28 1 34
98 28 93
